152.2600
151.9400
151.7000
151.1500
151.7700
148.7400
149.6800
147.9200
148.4800
142.1700
144.3400
140.7700
139.6200
138.9400
136.2900
135.2400
132.5600
133.7800
134.2000
138.0800
139.7800
137.4300
140.1000
138.7500
145.2900
145.3200
143.8400
142.2000
141.7600
143.9400
147.1400
146.3700
148.7300
150.2200
147.2200
146.6800
145.4100
144.9300
143.5400
142.7100
141.8000
153.0500
154.8400
153.7900
153.6400
150.3500
148.6800
147.7100
147.9700
144.9900
142.8900
144.0800
144.2400
143.6700
143.8000
142.5600
140.5300
137.3900
138.0400
140.3600
139.5600
140.9300
141.2800
141.4400
142.8200
142.7200
141.8000
139.6600
138.1000
137.1900
133.8400
133.2000
133.9700
133.6400
134.7000
136.6400
138.4500
131.4300
132.3900
130.6300
133.3200
133.9200
136.4000
138.6200
138.0500
138.2200
140.0200
138.6200
137.9200
136.9400
138.7000
136.3800
135.4300
133.6400
134.0600
131.6900
133.2600
132.4000
131.4500
130.3700
